35.19289567011102 0.34
12.977230772438936 0.08
12.366549450375405 0.19
34.037946442397356 0.225
26.79455534713288 0.22
11.970850059721519 0.065
17.15745786746293 0.44
13.426791931828008 -0.025
12.850145995228111 0.36
12.860986987008886 0.43
14.517477375004113 0.31
10.94698787305832 0.09
16.515715877526095 0.455
26.827789681923658 0.165
12.419622324007397 0.17
10.226029654370972 0.125
12.83565026183533 -0.04
11.020944492236513 0.12
15.729167163574058 0.055
15.044948210930912 0.445
11.026954085983844 0.2
14.629189620786766 -0.06
14.251695006223626 0.47
33.45818692771016 0.415
36.52871116434403 0.48
20.11288794894286 0.215
20.5196541170425 0.38
12.08457081115377 0.275
19.31444530364677 0.31
16.407946652905466 0.245
14.209111731132138 0.29
14.723427523966757 0.315
18.09290577912902 0.465
14.284942854464653 0.17
13.110628522862553 0.22
33.24931813777964 0.365
19.392716042705235 0.38
17.584945323471914 0.25
24.250610316349185 0.34
12.680024541722032 0.33
25.51782746461193 0.435
12.223206067012187 0.18
22.742564132686987 0.355
12.36249264534256 0.31
10.889103643910152 0.185
33.459826991410324 0.45
33.2987478663947 0.395
12.828665828528692 -0.1
29.73936787694764 0.45
17.269710228967472 0.18
10.261326696705307 0.275
37.558322044604665 0.475
13.699126459391437 0.14
10.292006135335798 -0.065
35.19289567011102 0.34
12.977230772438936 0.08
12.366549450375405 0.19
34.037946442397356 0.225
26.79455534713288 0.22
11.970850059721519 0.065
17.15745786746293 0.44
13.426791931828008 -0.025
12.850145995228111 0.36
12.860986987008886 0.43
14.517477375004113 0.31
10.94698787305832 0.09
16.515715877526095 0.455
26.827789681923658 0.165
12.419622324007397 0.17
10.226029654370972 0.125
12.83565026183533 -0.04
11.020944492236513 0.12
15.729167163574058 0.055
15.044948210930912 0.445
11.026954085983844 0.2
14.629189620786766 -0.06
14.251695006223626 0.47
33.45818692771016 0.415
36.52871116434403 0.48
20.11288794894286 0.215
20.5196541170425 0.38
12.08457081115377 0.275
19.31444530364677 0.31
16.407946652905466 0.245
14.209111731132138 0.29
14.723427523966757 0.315
18.09290577912902 0.465
14.284942854464653 0.17
13.110628522862553 0.22
33.24931813777964 0.365
19.392716042705235 0.38
17.584945323471914 0.25
24.250610316349185 0.34
12.680024541722032 0.33
25.51782746461193 0.435
12.223206067012187 0.18
22.742564132686987 0.355
12.36249264534256 0.31
10.889103643910152 0.185
33.459826991410324 0.45
33.2987478663947 0.395
12.828665828528692 -0.1
29.73936787694764 0.45
17.269710228967472 0.18
10.261326696705307 0.275
37.558322044604665 0.475
13.699126459391437 0.14
10.292006135335798 -0.065
10.251716621826255 0.18
11.809251243072366 0.345
17.92892756764847 0.325
14.629030083606413 -0.005
18.67565716891381 0.315
